 
 

CID    2        
------ ---------
     1    239.00
     2    121.10
     3    192.57
     4    106.00
     5      0.00
     6    100.40
     7    156.33
     8    167.16
     9      0.00
    10    103.50
    11      0.00
    12    309.66
    13    319.25
    14      0.00
    15      0.00
    16    113.66
    17    313.50
    18      0.00
    19     99.80
    20    139.25
    21    137.10
    22     46.60
    23    121.10
    24      0.00
    25     87.00
    26     21.80
    27      0.00
    28    104.85
    29     20.40
    30    154.00
    32    106.28
    33    136.28
    34      0.00
    35      3.00
    36    100.20
    37    144.85
    38      0.00
    39     80.16
    40    165.85
    41    125.90
    42     60.42
    43    196.80
    44    105.28
    45    160.66

  44 record(s) selected.


